268
392
500
34
110 46 6.17551
138 48 3.38657
198 67 0.643501
174 109 0.785398
94 141 2.52584
205 150 4.06726
102 168 1.92957
43 180 5.14347
186 186 4.2813
86 191 4.71239
61 203 4.88336
164 219 1.24027
85 237 4.58165
222 238 4.17494
62 239 4.82007
163 249 1.09552
65 257 4.86426
65 273 0.244978
70 273 0.54042
52 274 2.74012
63 275 2.54645
37 277 2.63549
126 281 4.06889
78 283 0.606013
209 285 4.06889
91 286 0.785398
119 299 0.615752
58 305 3.14159
91 312 0.475273
145 318 3.78509
199 318 0.785398
131 335 0.525825
175 337 3.92699
78 341 3.38657
