276
396
500
34
140 58 3.27233
205 68 0.728502
111 82 6.23263
209 99 3.92699
54 108 2.58299
102 118 5.71491
164 127 0.525825
51 132 5.49779
89 150 2.42276
95 169 5.14347
247 172 4.58165
126 178 2.03444
113 184 5.04291
56 185 1.92957
183 190 1.51367
219 196 1.71572
182 226 1.98389
40 227 5.30039
67 227 1.69515
99 232 1.44644
177 241 2.35619
168 243 2.35619
69 255 1.5708
51 264 5.08824
89 274 4.29929
194 280 2.91671
139 284 3.5105
70 293 4.5444
191 302 3.27233
41 304 1.92957
67 309 4.53746
218 309 3.24927
165 321 3.55469
93 336 0.842294
