263
371
500
35
128 34 3.27233
193 44 0.728502
99 58 6.23263
197 75 3.92699
42 84 2.58299
90 94 5.71491
152 103 0.525825
39 108 5.49779
77 126 2.42276
83 145 5.14347
114 154 2.03444
101 160 5.04291
44 161 1.92957
171 166 1.51367
28 203 5.30039
55 203 1.69515
222 238 4.17494
163 249 1.09552
65 273 0.244978
70 273 0.54042
52 274 2.74012
63 275 2.54645
37 277 2.63549
126 281 4.06889
78 283 0.606013
209 285 4.06889
91 286 0.785398
119 299 0.615752
58 305 3.14159
91 312 0.475273
145 318 3.78509
199 318 0.785398
131 335 0.525825
175 337 3.92699
78 341 3.38657
